2022/08/26-23:13:37.343680 7f6b19f081c0 RocksDB version: 6.12.7
2022/08/26-23:13:37.343758 7f6b19f081c0 Git sha rocksdb_build_git_sha:@0@
2022/08/26-23:13:37.343760 7f6b19f081c0 Compile date Jan  1 1980
2022/08/26-23:13:37.343788 7f6b19f081c0 DB SUMMARY
2022/08/26-23:13:37.343790 7f6b19f081c0 DB Session ID:  8NXA5S3KC6QEXZ6AI3B5
2022/08/26-23:13:37.343800 7f6b19f081c0 SST files in /home/ubuntu/fpt_hackathon_2022/ck/motoko_app/.dfx/state/replicated_state/node-100/ic_consensus_pool/certification dir, Total Num: 0, files: 
2022/08/26-23:13:37.343802 7f6b19f081c0 Write Ahead Log file in /home/ubuntu/fpt_hackathon_2022/ck/motoko_app/.dfx/state/replicated_state/node-100/ic_consensus_pool/certification: 
2022/08/26-23:13:37.343803 7f6b19f081c0                         Options.error_if_exists: 0
2022/08/26-23:13:37.343804 7f6b19f081c0                       Options.create_if_missing: 1
2022/08/26-23:13:37.343805 7f6b19f081c0                         Options.paranoid_checks: 1
2022/08/26-23:13:37.343806 7f6b19f081c0                                     Options.env: 0x563ebd13eba0
2022/08/26-23:13:37.343808 7f6b19f081c0                                      Options.fs: Posix File System
2022/08/26-23:13:37.343809 7f6b19f081c0                                Options.info_log: 0x7f6b0607fed0
2022/08/26-23:13:37.343810 7f6b19f081c0                Options.max_file_opening_threads: 16
2022/08/26-23:13:37.343810 7f6b19f081c0                              Options.statistics: (nil)
2022/08/26-23:13:37.343812 7f6b19f081c0                               Options.use_fsync: 1
2022/08/26-23:13:37.343812 7f6b19f081c0                       Options.max_log_file_size: 0
2022/08/26-23:13:37.343813 7f6b19f081c0                  Options.max_manifest_file_size: 1073741824
2022/08/26-23:13:37.343814 7f6b19f081c0                   Options.log_file_time_to_roll: 0
2022/08/26-23:13:37.343815 7f6b19f081c0                       Options.keep_log_file_num: 1000
2022/08/26-23:13:37.343816 7f6b19f081c0                    Options.recycle_log_file_num: 0
2022/08/26-23:13:37.343817 7f6b19f081c0                         Options.allow_fallocate: 1
2022/08/26-23:13:37.343818 7f6b19f081c0                        Options.allow_mmap_reads: 0
2022/08/26-23:13:37.343819 7f6b19f081c0                       Options.allow_mmap_writes: 0
2022/08/26-23:13:37.343820 7f6b19f081c0                        Options.use_direct_reads: 0
2022/08/26-23:13:37.343821 7f6b19f081c0                        Options.use_direct_io_for_flush_and_compaction: 0
2022/08/26-23:13:37.343822 7f6b19f081c0          Options.create_missing_column_families: 1
2022/08/26-23:13:37.343823 7f6b19f081c0                              Options.db_log_dir: 
2022/08/26-23:13:37.343824 7f6b19f081c0                                 Options.wal_dir: /home/ubuntu/fpt_hackathon_2022/ck/motoko_app/.dfx/state/replicated_state/node-100/ic_consensus_pool/certification
2022/08/26-23:13:37.343825 7f6b19f081c0                Options.table_cache_numshardbits: 6
2022/08/26-23:13:37.343825 7f6b19f081c0                         Options.WAL_ttl_seconds: 0
2022/08/26-23:13:37.343826 7f6b19f081c0                       Options.WAL_size_limit_MB: 0
2022/08/26-23:13:37.343827 7f6b19f081c0                        Options.max_write_batch_group_size_bytes: 1048576
2022/08/26-23:13:37.343828 7f6b19f081c0             Options.manifest_preallocation_size: 4194304
2022/08/26-23:13:37.343829 7f6b19f081c0                     Options.is_fd_close_on_exec: 1
2022/08/26-23:13:37.343830 7f6b19f081c0                   Options.advise_random_on_open: 1
2022/08/26-23:13:37.343831 7f6b19f081c0                    Options.db_write_buffer_size: 0
2022/08/26-23:13:37.343832 7f6b19f081c0                    Options.write_buffer_manager: 0x7f6b19ab6f00
2022/08/26-23:13:37.343833 7f6b19f081c0         Options.access_hint_on_compaction_start: 1
2022/08/26-23:13:37.343834 7f6b19f081c0  Options.new_table_reader_for_compaction_inputs: 0
2022/08/26-23:13:37.343835 7f6b19f081c0           Options.random_access_max_buffer_size: 1048576
2022/08/26-23:13:37.343836 7f6b19f081c0                      Options.use_adaptive_mutex: 0
2022/08/26-23:13:37.343837 7f6b19f081c0                            Options.rate_limiter: (nil)
2022/08/26-23:13:37.343860 7f6b19f081c0     Options.sst_file_manager.rate_bytes_per_sec: 0
2022/08/26-23:13:37.343862 7f6b19f081c0                       Options.wal_recovery_mode: 2
2022/08/26-23:13:37.343863 7f6b19f081c0                  Options.enable_thread_tracking: 0
2022/08/26-23:13:37.343864 7f6b19f081c0                  Options.enable_pipelined_write: 0
2022/08/26-23:13:37.343865 7f6b19f081c0                  Options.unordered_write: 0
2022/08/26-23:13:37.343866 7f6b19f081c0         Options.allow_concurrent_memtable_write: 1
2022/08/26-23:13:37.343866 7f6b19f081c0      Options.enable_write_thread_adaptive_yield: 1
2022/08/26-23:13:37.343867 7f6b19f081c0             Options.write_thread_max_yield_usec: 100
2022/08/26-23:13:37.343868 7f6b19f081c0            Options.write_thread_slow_yield_usec: 3
2022/08/26-23:13:37.343869 7f6b19f081c0                               Options.row_cache: None
2022/08/26-23:13:37.343870 7f6b19f081c0                              Options.wal_filter: None
2022/08/26-23:13:37.343871 7f6b19f081c0             Options.avoid_flush_during_recovery: 0
2022/08/26-23:13:37.343872 7f6b19f081c0             Options.allow_ingest_behind: 0
2022/08/26-23:13:37.343873 7f6b19f081c0             Options.preserve_deletes: 0
2022/08/26-23:13:37.343874 7f6b19f081c0             Options.two_write_queues: 0
2022/08/26-23:13:37.343875 7f6b19f081c0             Options.manual_wal_flush: 0
2022/08/26-23:13:37.343876 7f6b19f081c0             Options.atomic_flush: 0
2022/08/26-23:13:37.343877 7f6b19f081c0             Options.avoid_unnecessary_blocking_io: 0
2022/08/26-23:13:37.343878 7f6b19f081c0                 Options.persist_stats_to_disk: 0
2022/08/26-23:13:37.343879 7f6b19f081c0                 Options.write_dbid_to_manifest: 0
2022/08/26-23:13:37.343880 7f6b19f081c0                 Options.log_readahead_size: 0
2022/08/26-23:13:37.343881 7f6b19f081c0                 Options.file_checksum_gen_factory: Unknown
2022/08/26-23:13:37.343882 7f6b19f081c0                 Options.best_efforts_recovery: 0
2022/08/26-23:13:37.343883 7f6b19f081c0                Options.max_bgerror_resume_count: 2147483647
2022/08/26-23:13:37.343884 7f6b19f081c0            Options.bgerror_resume_retry_interval: 1000000
2022/08/26-23:13:37.343885 7f6b19f081c0             Options.max_background_jobs: 2
2022/08/26-23:13:37.343885 7f6b19f081c0             Options.max_background_compactions: -1
2022/08/26-23:13:37.343886 7f6b19f081c0             Options.max_subcompactions: 1
2022/08/26-23:13:37.343887 7f6b19f081c0             Options.avoid_flush_during_shutdown: 0
2022/08/26-23:13:37.343888 7f6b19f081c0           Options.writable_file_max_buffer_size: 1048576
2022/08/26-23:13:37.343889 7f6b19f081c0             Options.delayed_write_rate : 16777216
2022/08/26-23:13:37.343890 7f6b19f081c0             Options.max_total_wal_size: 0
2022/08/26-23:13:37.343891 7f6b19f081c0             Options.delete_obsolete_files_period_micros: 21600000000
2022/08/26-23:13:37.343892 7f6b19f081c0                   Options.stats_dump_period_sec: 600
2022/08/26-23:13:37.343893 7f6b19f081c0                 Options.stats_persist_period_sec: 600
2022/08/26-23:13:37.343894 7f6b19f081c0                 Options.stats_history_buffer_size: 1048576
2022/08/26-23:13:37.343895 7f6b19f081c0                          Options.max_open_files: -1
2022/08/26-23:13:37.343896 7f6b19f081c0                          Options.bytes_per_sync: 0
2022/08/26-23:13:37.343897 7f6b19f081c0                      Options.wal_bytes_per_sync: 0
2022/08/26-23:13:37.343898 7f6b19f081c0                   Options.strict_bytes_per_sync: 0
2022/08/26-23:13:37.343899 7f6b19f081c0       Options.compaction_readahead_size: 0
2022/08/26-23:13:37.343900 7f6b19f081c0                  Options.max_background_flushes: -1
2022/08/26-23:13:37.343901 7f6b19f081c0 Compression algorithms supported:
2022/08/26-23:13:37.343902 7f6b19f081c0 	kZSTDNotFinalCompression supported: 1
2022/08/26-23:13:37.343903 7f6b19f081c0 	kZSTD supported: 1
2022/08/26-23:13:37.343904 7f6b19f081c0 	kXpressCompression supported: 0
2022/08/26-23:13:37.343912 7f6b19f081c0 	kLZ4HCCompression supported: 1
2022/08/26-23:13:37.343913 7f6b19f081c0 	kLZ4Compression supported: 1
2022/08/26-23:13:37.343914 7f6b19f081c0 	kBZip2Compression supported: 1
2022/08/26-23:13:37.343915 7f6b19f081c0 	kZlibCompression supported: 1
2022/08/26-23:13:37.343916 7f6b19f081c0 	kSnappyCompression supported: 1
2022/08/26-23:13:37.343919 7f6b19f081c0 Fast CRC32 supported: Supported on x86
2022/08/26-23:13:37.350326 7f6b19f081c0 [db/db_impl/db_impl_open.cc:271] Creating manifest 1 
2022/08/26-23:13:37.364555 7f6b19f081c0 [db/version_set.cc:4559] Recovering from manifest file: /home/ubuntu/fpt_hackathon_2022/ck/motoko_app/.dfx/state/replicated_state/node-100/ic_consensus_pool/certification/MANIFEST-000001
2022/08/26-23:13:37.364631 7f6b19f081c0 [db/column_family.cc:578] --------------- Options for column family [default]:
2022/08/26-23:13:37.364634 7f6b19f081c0               Options.comparator: leveldb.BytewiseComparator
2022/08/26-23:13:37.364635 7f6b19f081c0           Options.merge_operator: None
2022/08/26-23:13:37.364636 7f6b19f081c0        Options.compaction_filter: None
2022/08/26-23:13:37.364637 7f6b19f081c0        Options.compaction_filter_factory: None
2022/08/26-23:13:37.364638 7f6b19f081c0  Options.sst_partitioner_factory: None
2022/08/26-23:13:37.364639 7f6b19f081c0         Options.memtable_factory: SkipListFactory
2022/08/26-23:13:37.364640 7f6b19f081c0            Options.table_factory: BlockBasedTable
2022/08/26-23:13:37.364655 7f6b19f081c0            table_factory options:   flush_block_policy_factory: FlushBlockBySizePolicyFactory (0x7f6b05f4ebb8)
  cache_index_and_filter_blocks: 0
  cache_index_and_filter_blocks_with_high_priority: 1
  pin_l0_filter_and_index_blocks_in_cache: 0
  pin_top_level_index_and_filter: 1
  index_type: 0
  data_block_index_type: 0
  index_shortening: 1
  data_block_hash_table_util_ratio: 0.750000
  hash_index_allow_collision: 1
  checksum: 1
  no_block_cache: 0
  block_cache: 0x7f6b19aacc90
  block_cache_name: LRUCache
  block_cache_options:
    capacity : 8388608
    num_shard_bits : 4
    strict_capacity_limit : 0
    memory_allocator : None
    high_pri_pool_ratio: 0.000
  block_cache_compressed: (nil)
  persistent_cache: (nil)
  block_size: 4096
  block_size_deviation: 10
  block_restart_interval: 16
  index_block_restart_interval: 1
  metadata_block_size: 4096
  partition_filters: 0
  use_delta_encoding: 1
  filter_policy: nullptr
  whole_key_filtering: 1
  verify_compression: 0
  read_amp_bytes_per_bit: 0
  format_version: 4
  enable_index_compression: 1
  block_align: 0
2022/08/26-23:13:37.364657 7f6b19f081c0        Options.write_buffer_size: 67108864
2022/08/26-23:13:37.364658 7f6b19f081c0  Options.max_write_buffer_number: 2
2022/08/26-23:13:37.364660 7f6b19f081c0          Options.compression: Snappy
2022/08/26-23:13:37.364661 7f6b19f081c0                  Options.bottommost_compression: Disabled
2022/08/26-23:13:37.364662 7f6b19f081c0       Options.prefix_extractor: nullptr
2022/08/26-23:13:37.364662 7f6b19f081c0   Options.memtable_insert_with_hint_prefix_extractor: nullptr
2022/08/26-23:13:37.364663 7f6b19f081c0             Options.num_levels: 7
2022/08/26-23:13:37.364665 7f6b19f081c0        Options.min_write_buffer_number_to_merge: 1
2022/08/26-23:13:37.364666 7f6b19f081c0     Options.max_write_buffer_number_to_maintain: 0
2022/08/26-23:13:37.364666 7f6b19f081c0     Options.max_write_buffer_size_to_maintain: 0
2022/08/26-23:13:37.364667 7f6b19f081c0            Options.bottommost_compression_opts.window_bits: -14
2022/08/26-23:13:37.364669 7f6b19f081c0                  Options.bottommost_compression_opts.level: 32767
2022/08/26-23:13:37.364670 7f6b19f081c0               Options.bottommost_compression_opts.strategy: 0
2022/08/26-23:13:37.364670 7f6b19f081c0         Options.bottommost_compression_opts.max_dict_bytes: 0
2022/08/26-23:13:37.364671 7f6b19f081c0         Options.bottommost_compression_opts.zstd_max_train_bytes: 0
2022/08/26-23:13:37.364672 7f6b19f081c0         Options.bottommost_compression_opts.parallel_threads: 1
2022/08/26-23:13:37.364702 7f6b19f081c0                  Options.bottommost_compression_opts.enabled: false
2022/08/26-23:13:37.364704 7f6b19f081c0            Options.compression_opts.window_bits: -14
2022/08/26-23:13:37.364705 7f6b19f081c0                  Options.compression_opts.level: 32767
2022/08/26-23:13:37.364706 7f6b19f081c0               Options.compression_opts.strategy: 0
2022/08/26-23:13:37.364707 7f6b19f081c0         Options.compression_opts.max_dict_bytes: 0
2022/08/26-23:13:37.364708 7f6b19f081c0         Options.compression_opts.zstd_max_train_bytes: 0
2022/08/26-23:13:37.364709 7f6b19f081c0         Options.compression_opts.parallel_threads: 1
2022/08/26-23:13:37.364710 7f6b19f081c0                  Options.compression_opts.enabled: false
2022/08/26-23:13:37.364710 7f6b19f081c0      Options.level0_file_num_compaction_trigger: 4
2022/08/26-23:13:37.364711 7f6b19f081c0          Options.level0_slowdown_writes_trigger: 20
2022/08/26-23:13:37.364712 7f6b19f081c0              Options.level0_stop_writes_trigger: 36
2022/08/26-23:13:37.364713 7f6b19f081c0                   Options.target_file_size_base: 67108864
2022/08/26-23:13:37.364714 7f6b19f081c0             Options.target_file_size_multiplier: 1
2022/08/26-23:13:37.364715 7f6b19f081c0                Options.max_bytes_for_level_base: 268435456
2022/08/26-23:13:37.364716 7f6b19f081c0 Options.level_compaction_dynamic_level_bytes: 0
2022/08/26-23:13:37.364717 7f6b19f081c0          Options.max_bytes_for_level_multiplier: 10.000000
2022/08/26-23:13:37.364719 7f6b19f081c0 Options.max_bytes_for_level_multiplier_addtl[0]: 1
2022/08/26-23:13:37.364720 7f6b19f081c0 Options.max_bytes_for_level_multiplier_addtl[1]: 1
2022/08/26-23:13:37.364721 7f6b19f081c0 Options.max_bytes_for_level_multiplier_addtl[2]: 1
2022/08/26-23:13:37.364722 7f6b19f081c0 Options.max_bytes_for_level_multiplier_addtl[3]: 1
2022/08/26-23:13:37.364723 7f6b19f081c0 Options.max_bytes_for_level_multiplier_addtl[4]: 1
2022/08/26-23:13:37.364723 7f6b19f081c0 Options.max_bytes_for_level_multiplier_addtl[5]: 1
2022/08/26-23:13:37.364724 7f6b19f081c0 Options.max_bytes_for_level_multiplier_addtl[6]: 1
2022/08/26-23:13:37.364725 7f6b19f081c0       Options.max_sequential_skip_in_iterations: 8
2022/08/26-23:13:37.364726 7f6b19f081c0                    Options.max_compaction_bytes: 1677721600
2022/08/26-23:13:37.364727 7f6b19f081c0                        Options.arena_block_size: 8388608
2022/08/26-23:13:37.364728 7f6b19f081c0   Options.soft_pending_compaction_bytes_limit: 68719476736
2022/08/26-23:13:37.364729 7f6b19f081c0   Options.hard_pending_compaction_bytes_limit: 274877906944
2022/08/26-23:13:37.364730 7f6b19f081c0       Options.rate_limit_delay_max_milliseconds: 100
2022/08/26-23:13:37.364731 7f6b19f081c0                Options.disable_auto_compactions: 0
2022/08/26-23:13:37.364732 7f6b19f081c0                        Options.compaction_style: kCompactionStyleLevel
2022/08/26-23:13:37.364734 7f6b19f081c0                          Options.compaction_pri: kMinOverlappingRatio
2022/08/26-23:13:37.364735 7f6b19f081c0 Options.compaction_options_universal.size_ratio: 1
2022/08/26-23:13:37.364735 7f6b19f081c0 Options.compaction_options_universal.min_merge_width: 2
2022/08/26-23:13:37.364736 7f6b19f081c0 Options.compaction_options_universal.max_merge_width: 4294967295
2022/08/26-23:13:37.364737 7f6b19f081c0 Options.compaction_options_universal.max_size_amplification_percent: 200
2022/08/26-23:13:37.364738 7f6b19f081c0 Options.compaction_options_universal.compression_size_percent: -1
2022/08/26-23:13:37.364739 7f6b19f081c0 Options.compaction_options_universal.stop_style: kCompactionStopStyleTotalSize
2022/08/26-23:13:37.364740 7f6b19f081c0 Options.compaction_options_fifo.max_table_files_size: 1073741824
2022/08/26-23:13:37.364741 7f6b19f081c0 Options.compaction_options_fifo.allow_compaction: 0
2022/08/26-23:13:37.364745 7f6b19f081c0                   Options.table_properties_collectors: 
2022/08/26-23:13:37.364746 7f6b19f081c0                   Options.inplace_update_support: 0
2022/08/26-23:13:37.364754 7f6b19f081c0                 Options.inplace_update_num_locks: 10000
2022/08/26-23:13:37.364755 7f6b19f081c0               Options.memtable_prefix_bloom_size_ratio: 0.000000
2022/08/26-23:13:37.364757 7f6b19f081c0               Options.memtable_whole_key_filtering: 0
2022/08/26-23:13:37.364758 7f6b19f081c0   Options.memtable_huge_page_size: 0
2022/08/26-23:13:37.364759 7f6b19f081c0                           Options.bloom_locality: 0
2022/08/26-23:13:37.364759 7f6b19f081c0                    Options.max_successive_merges: 0
2022/08/26-23:13:37.364760 7f6b19f081c0                Options.optimize_filters_for_hits: 0
2022/08/26-23:13:37.364761 7f6b19f081c0                Options.paranoid_file_checks: 0
2022/08/26-23:13:37.364762 7f6b19f081c0                Options.force_consistency_checks: 0
2022/08/26-23:13:37.364763 7f6b19f081c0                Options.report_bg_io_stats: 0
2022/08/26-23:13:37.364764 7f6b19f081c0                               Options.ttl: 2592000
2022/08/26-23:13:37.364765 7f6b19f081c0          Options.periodic_compaction_seconds: 0
2022/08/26-23:13:37.365889 7f6b19f081c0 [db/version_set.cc:4708] Recovered from manifest file:/home/ubuntu/fpt_hackathon_2022/ck/motoko_app/.dfx/state/replicated_state/node-100/ic_consensus_pool/certification/MANIFEST-000001 succeeded,manifest_file_number is 1, next_file_number is 3, last_sequence is 0, log_number is 0,prev_log_number is 0,max_column_family is 0,min_log_number_to_keep is 0
2022/08/26-23:13:37.365893 7f6b19f081c0 [db/version_set.cc:4724] Column family [default] (ID 0), log number is 0
2022/08/26-23:13:37.365984 7f6b19f081c0 [db/version_set.cc:3949] Creating manifest 4
2022/08/26-23:13:37.383324 7f6b19f081c0 [db/column_family.cc:578] --------------- Options for column family [CE]:
2022/08/26-23:13:37.383327 7f6b19f081c0               Options.comparator: leveldb.BytewiseComparator
2022/08/26-23:13:37.383329 7f6b19f081c0           Options.merge_operator: None
2022/08/26-23:13:37.383330 7f6b19f081c0        Options.compaction_filter: filter_outdated
2022/08/26-23:13:37.383331 7f6b19f081c0        Options.compaction_filter_factory: None
2022/08/26-23:13:37.383332 7f6b19f081c0  Options.sst_partitioner_factory: None
2022/08/26-23:13:37.383333 7f6b19f081c0         Options.memtable_factory: SkipListFactory
2022/08/26-23:13:37.383334 7f6b19f081c0            Options.table_factory: BlockBasedTable
2022/08/26-23:13:37.383348 7f6b19f081c0            table_factory options:   flush_block_policy_factory: FlushBlockBySizePolicyFactory (0x7f6b05f4eb80)
  cache_index_and_filter_blocks: 0
  cache_index_and_filter_blocks_with_high_priority: 1
  pin_l0_filter_and_index_blocks_in_cache: 0
  pin_top_level_index_and_filter: 1
  index_type: 0
  data_block_index_type: 0
  index_shortening: 1
  data_block_hash_table_util_ratio: 0.750000
  hash_index_allow_collision: 1
  checksum: 1
  no_block_cache: 0
  block_cache: 0x7f6b19b86210
  block_cache_name: LRUCache
  block_cache_options:
    capacity : 8388608
    num_shard_bits : 4
    strict_capacity_limit : 0
    memory_allocator : None
    high_pri_pool_ratio: 0.000
  block_cache_compressed: (nil)
  persistent_cache: (nil)
  block_size: 4096
  block_size_deviation: 10
  block_restart_interval: 16
  index_block_restart_interval: 1
  metadata_block_size: 4096
  partition_filters: 0
  use_delta_encoding: 1
  filter_policy: nullptr
  whole_key_filtering: 1
  verify_compression: 0
  read_amp_bytes_per_bit: 0
  format_version: 4
  enable_index_compression: 1
  block_align: 0
2022/08/26-23:13:37.383350 7f6b19f081c0        Options.write_buffer_size: 67108864
2022/08/26-23:13:37.383351 7f6b19f081c0  Options.max_write_buffer_number: 2
2022/08/26-23:13:37.383352 7f6b19f081c0          Options.compression: NoCompression
2022/08/26-23:13:37.383353 7f6b19f081c0                  Options.bottommost_compression: Disabled
2022/08/26-23:13:37.383354 7f6b19f081c0       Options.prefix_extractor: nullptr
2022/08/26-23:13:37.383355 7f6b19f081c0   Options.memtable_insert_with_hint_prefix_extractor: nullptr
2022/08/26-23:13:37.383356 7f6b19f081c0             Options.num_levels: 7
2022/08/26-23:13:37.383357 7f6b19f081c0        Options.min_write_buffer_number_to_merge: 1
2022/08/26-23:13:37.383358 7f6b19f081c0     Options.max_write_buffer_number_to_maintain: 0
2022/08/26-23:13:37.383359 7f6b19f081c0     Options.max_write_buffer_size_to_maintain: 0
2022/08/26-23:13:37.383360 7f6b19f081c0            Options.bottommost_compression_opts.window_bits: -14
2022/08/26-23:13:37.383361 7f6b19f081c0                  Options.bottommost_compression_opts.level: 32767
2022/08/26-23:13:37.383362 7f6b19f081c0               Options.bottommost_compression_opts.strategy: 0
2022/08/26-23:13:37.383363 7f6b19f081c0         Options.bottommost_compression_opts.max_dict_bytes: 0
2022/08/26-23:13:37.383364 7f6b19f081c0         Options.bottommost_compression_opts.zstd_max_train_bytes: 0
2022/08/26-23:13:37.383365 7f6b19f081c0         Options.bottommost_compression_opts.parallel_threads: 1
2022/08/26-23:13:37.383366 7f6b19f081c0                  Options.bottommost_compression_opts.enabled: false
2022/08/26-23:13:37.383366 7f6b19f081c0            Options.compression_opts.window_bits: -14
2022/08/26-23:13:37.383367 7f6b19f081c0                  Options.compression_opts.level: 32767
2022/08/26-23:13:37.383368 7f6b19f081c0               Options.compression_opts.strategy: 0
2022/08/26-23:13:37.383369 7f6b19f081c0         Options.compression_opts.max_dict_bytes: 0
2022/08/26-23:13:37.383370 7f6b19f081c0         Options.compression_opts.zstd_max_train_bytes: 0
2022/08/26-23:13:37.383371 7f6b19f081c0         Options.compression_opts.parallel_threads: 1
2022/08/26-23:13:37.383372 7f6b19f081c0                  Options.compression_opts.enabled: false
2022/08/26-23:13:37.383397 7f6b19f081c0      Options.level0_file_num_compaction_trigger: 4
2022/08/26-23:13:37.383399 7f6b19f081c0          Options.level0_slowdown_writes_trigger: 20
2022/08/26-23:13:37.383400 7f6b19f081c0              Options.level0_stop_writes_trigger: 36
2022/08/26-23:13:37.383401 7f6b19f081c0                   Options.target_file_size_base: 67108864
2022/08/26-23:13:37.383402 7f6b19f081c0             Options.target_file_size_multiplier: 1
2022/08/26-23:13:37.383403 7f6b19f081c0                Options.max_bytes_for_level_base: 268435456
2022/08/26-23:13:37.383404 7f6b19f081c0 Options.level_compaction_dynamic_level_bytes: 0
2022/08/26-23:13:37.383404 7f6b19f081c0          Options.max_bytes_for_level_multiplier: 10.000000
2022/08/26-23:13:37.383406 7f6b19f081c0 Options.max_bytes_for_level_multiplier_addtl[0]: 1
2022/08/26-23:13:37.383407 7f6b19f081c0 Options.max_bytes_for_level_multiplier_addtl[1]: 1
2022/08/26-23:13:37.383408 7f6b19f081c0 Options.max_bytes_for_level_multiplier_addtl[2]: 1
2022/08/26-23:13:37.383409 7f6b19f081c0 Options.max_bytes_for_level_multiplier_addtl[3]: 1
2022/08/26-23:13:37.383410 7f6b19f081c0 Options.max_bytes_for_level_multiplier_addtl[4]: 1
2022/08/26-23:13:37.383411 7f6b19f081c0 Options.max_bytes_for_level_multiplier_addtl[5]: 1
2022/08/26-23:13:37.383412 7f6b19f081c0 Options.max_bytes_for_level_multiplier_addtl[6]: 1
2022/08/26-23:13:37.383413 7f6b19f081c0       Options.max_sequential_skip_in_iterations: 8
2022/08/26-23:13:37.383414 7f6b19f081c0                    Options.max_compaction_bytes: 1677721600
2022/08/26-23:13:37.383415 7f6b19f081c0                        Options.arena_block_size: 8388608
2022/08/26-23:13:37.383416 7f6b19f081c0   Options.soft_pending_compaction_bytes_limit: 68719476736
2022/08/26-23:13:37.383417 7f6b19f081c0   Options.hard_pending_compaction_bytes_limit: 274877906944
2022/08/26-23:13:37.383417 7f6b19f081c0       Options.rate_limit_delay_max_milliseconds: 100
2022/08/26-23:13:37.383418 7f6b19f081c0                Options.disable_auto_compactions: 1
2022/08/26-23:13:37.383420 7f6b19f081c0                        Options.compaction_style: kCompactionStyleLevel
2022/08/26-23:13:37.383421 7f6b19f081c0                          Options.compaction_pri: kMinOverlappingRatio
2022/08/26-23:13:37.383422 7f6b19f081c0 Options.compaction_options_universal.size_ratio: 1
2022/08/26-23:13:37.383423 7f6b19f081c0 Options.compaction_options_universal.min_merge_width: 2
2022/08/26-23:13:37.383424 7f6b19f081c0 Options.compaction_options_universal.max_merge_width: 4294967295
2022/08/26-23:13:37.383425 7f6b19f081c0 Options.compaction_options_universal.max_size_amplification_percent: 200
2022/08/26-23:13:37.383426 7f6b19f081c0 Options.compaction_options_universal.compression_size_percent: -1
2022/08/26-23:13:37.383427 7f6b19f081c0 Options.compaction_options_universal.stop_style: kCompactionStopStyleTotalSize
2022/08/26-23:13:37.383428 7f6b19f081c0 Options.compaction_options_fifo.max_table_files_size: 1073741824
2022/08/26-23:13:37.383429 7f6b19f081c0 Options.compaction_options_fifo.allow_compaction: 0
2022/08/26-23:13:37.383432 7f6b19f081c0                   Options.table_properties_collectors: 
2022/08/26-23:13:37.383433 7f6b19f081c0                   Options.inplace_update_support: 0
2022/08/26-23:13:37.383434 7f6b19f081c0                 Options.inplace_update_num_locks: 10000
2022/08/26-23:13:37.383435 7f6b19f081c0               Options.memtable_prefix_bloom_size_ratio: 0.000000
2022/08/26-23:13:37.383436 7f6b19f081c0               Options.memtable_whole_key_filtering: 0
2022/08/26-23:13:37.383437 7f6b19f081c0   Options.memtable_huge_page_size: 0
2022/08/26-23:13:37.383438 7f6b19f081c0                           Options.bloom_locality: 0
2022/08/26-23:13:37.383439 7f6b19f081c0                    Options.max_successive_merges: 0
2022/08/26-23:13:37.383439 7f6b19f081c0                Options.optimize_filters_for_hits: 0
2022/08/26-23:13:37.383440 7f6b19f081c0                Options.paranoid_file_checks: 0
2022/08/26-23:13:37.383441 7f6b19f081c0                Options.force_consistency_checks: 0
2022/08/26-23:13:37.383450 7f6b19f081c0                Options.report_bg_io_stats: 0
2022/08/26-23:13:37.383451 7f6b19f081c0                               Options.ttl: 2592000
2022/08/26-23:13:37.383452 7f6b19f081c0          Options.periodic_compaction_seconds: 2592000
2022/08/26-23:13:37.383469 7f6b19f081c0 [db/db_impl/db_impl.cc:2561] Created column family [CE] (ID 1)
2022/08/26-23:13:37.391958 7f6b19f081c0 [db/column_family.cc:578] --------------- Options for column family [CES]:
2022/08/26-23:13:37.391961 7f6b19f081c0               Options.comparator: leveldb.BytewiseComparator
2022/08/26-23:13:37.391963 7f6b19f081c0           Options.merge_operator: None
2022/08/26-23:13:37.391964 7f6b19f081c0        Options.compaction_filter: filter_outdated
2022/08/26-23:13:37.391965 7f6b19f081c0        Options.compaction_filter_factory: None
2022/08/26-23:13:37.391966 7f6b19f081c0  Options.sst_partitioner_factory: None
2022/08/26-23:13:37.391967 7f6b19f081c0         Options.memtable_factory: SkipListFactory
2022/08/26-23:13:37.391968 7f6b19f081c0            Options.table_factory: BlockBasedTable
2022/08/26-23:13:37.391980 7f6b19f081c0            table_factory options:   flush_block_policy_factory: FlushBlockBySizePolicyFactory (0x7f6b05f4eb98)
  cache_index_and_filter_blocks: 0
  cache_index_and_filter_blocks_with_high_priority: 1
  pin_l0_filter_and_index_blocks_in_cache: 0
  pin_top_level_index_and_filter: 1
  index_type: 0
  data_block_index_type: 0
  index_shortening: 1
  data_block_hash_table_util_ratio: 0.750000
  hash_index_allow_collision: 1
  checksum: 1
  no_block_cache: 0
  block_cache: 0x7f6b19aacf10
  block_cache_name: LRUCache
  block_cache_options:
    capacity : 8388608
    num_shard_bits : 4
    strict_capacity_limit : 0
    memory_allocator : None
    high_pri_pool_ratio: 0.000
  block_cache_compressed: (nil)
  persistent_cache: (nil)
  block_size: 4096
  block_size_deviation: 10
  block_restart_interval: 16
  index_block_restart_interval: 1
  metadata_block_size: 4096
  partition_filters: 0
  use_delta_encoding: 1
  filter_policy: nullptr
  whole_key_filtering: 1
  verify_compression: 0
  read_amp_bytes_per_bit: 0
  format_version: 4
  enable_index_compression: 1
  block_align: 0
2022/08/26-23:13:37.391982 7f6b19f081c0        Options.write_buffer_size: 67108864
2022/08/26-23:13:37.391983 7f6b19f081c0  Options.max_write_buffer_number: 2
2022/08/26-23:13:37.391984 7f6b19f081c0          Options.compression: NoCompression
2022/08/26-23:13:37.391985 7f6b19f081c0                  Options.bottommost_compression: Disabled
2022/08/26-23:13:37.391986 7f6b19f081c0       Options.prefix_extractor: nullptr
2022/08/26-23:13:37.391987 7f6b19f081c0   Options.memtable_insert_with_hint_prefix_extractor: nullptr
2022/08/26-23:13:37.391988 7f6b19f081c0             Options.num_levels: 7
2022/08/26-23:13:37.391989 7f6b19f081c0        Options.min_write_buffer_number_to_merge: 1
2022/08/26-23:13:37.391990 7f6b19f081c0     Options.max_write_buffer_number_to_maintain: 0
2022/08/26-23:13:37.391991 7f6b19f081c0     Options.max_write_buffer_size_to_maintain: 0
2022/08/26-23:13:37.391992 7f6b19f081c0            Options.bottommost_compression_opts.window_bits: -14
2022/08/26-23:13:37.391993 7f6b19f081c0                  Options.bottommost_compression_opts.level: 32767
2022/08/26-23:13:37.391994 7f6b19f081c0               Options.bottommost_compression_opts.strategy: 0
2022/08/26-23:13:37.391995 7f6b19f081c0         Options.bottommost_compression_opts.max_dict_bytes: 0
2022/08/26-23:13:37.391996 7f6b19f081c0         Options.bottommost_compression_opts.zstd_max_train_bytes: 0
2022/08/26-23:13:37.391997 7f6b19f081c0         Options.bottommost_compression_opts.parallel_threads: 1
2022/08/26-23:13:37.391998 7f6b19f081c0                  Options.bottommost_compression_opts.enabled: false
2022/08/26-23:13:37.391999 7f6b19f081c0            Options.compression_opts.window_bits: -14
2022/08/26-23:13:37.391999 7f6b19f081c0                  Options.compression_opts.level: 32767
2022/08/26-23:13:37.392000 7f6b19f081c0               Options.compression_opts.strategy: 0
2022/08/26-23:13:37.392001 7f6b19f081c0         Options.compression_opts.max_dict_bytes: 0
2022/08/26-23:13:37.392002 7f6b19f081c0         Options.compression_opts.zstd_max_train_bytes: 0
2022/08/26-23:13:37.392003 7f6b19f081c0         Options.compression_opts.parallel_threads: 1
2022/08/26-23:13:37.392004 7f6b19f081c0                  Options.compression_opts.enabled: false
2022/08/26-23:13:37.392015 7f6b19f081c0      Options.level0_file_num_compaction_trigger: 4
2022/08/26-23:13:37.392016 7f6b19f081c0          Options.level0_slowdown_writes_trigger: 20
2022/08/26-23:13:37.392017 7f6b19f081c0              Options.level0_stop_writes_trigger: 36
2022/08/26-23:13:37.392018 7f6b19f081c0                   Options.target_file_size_base: 67108864
2022/08/26-23:13:37.392019 7f6b19f081c0             Options.target_file_size_multiplier: 1
2022/08/26-23:13:37.392020 7f6b19f081c0                Options.max_bytes_for_level_base: 268435456
2022/08/26-23:13:37.392021 7f6b19f081c0 Options.level_compaction_dynamic_level_bytes: 0
2022/08/26-23:13:37.392022 7f6b19f081c0          Options.max_bytes_for_level_multiplier: 10.000000
2022/08/26-23:13:37.392023 7f6b19f081c0 Options.max_bytes_for_level_multiplier_addtl[0]: 1
2022/08/26-23:13:37.392024 7f6b19f081c0 Options.max_bytes_for_level_multiplier_addtl[1]: 1
2022/08/26-23:13:37.392025 7f6b19f081c0 Options.max_bytes_for_level_multiplier_addtl[2]: 1
2022/08/26-23:13:37.392026 7f6b19f081c0 Options.max_bytes_for_level_multiplier_addtl[3]: 1
2022/08/26-23:13:37.392027 7f6b19f081c0 Options.max_bytes_for_level_multiplier_addtl[4]: 1
2022/08/26-23:13:37.392028 7f6b19f081c0 Options.max_bytes_for_level_multiplier_addtl[5]: 1
2022/08/26-23:13:37.392029 7f6b19f081c0 Options.max_bytes_for_level_multiplier_addtl[6]: 1
2022/08/26-23:13:37.392030 7f6b19f081c0       Options.max_sequential_skip_in_iterations: 8
2022/08/26-23:13:37.392031 7f6b19f081c0                    Options.max_compaction_bytes: 1677721600
2022/08/26-23:13:37.392032 7f6b19f081c0                        Options.arena_block_size: 8388608
2022/08/26-23:13:37.392033 7f6b19f081c0   Options.soft_pending_compaction_bytes_limit: 68719476736
2022/08/26-23:13:37.392034 7f6b19f081c0   Options.hard_pending_compaction_bytes_limit: 274877906944
2022/08/26-23:13:37.392035 7f6b19f081c0       Options.rate_limit_delay_max_milliseconds: 100
2022/08/26-23:13:37.392035 7f6b19f081c0                Options.disable_auto_compactions: 1
2022/08/26-23:13:37.392037 7f6b19f081c0                        Options.compaction_style: kCompactionStyleLevel
2022/08/26-23:13:37.392038 7f6b19f081c0                          Options.compaction_pri: kMinOverlappingRatio
2022/08/26-23:13:37.392039 7f6b19f081c0 Options.compaction_options_universal.size_ratio: 1
2022/08/26-23:13:37.392039 7f6b19f081c0 Options.compaction_options_universal.min_merge_width: 2
2022/08/26-23:13:37.392040 7f6b19f081c0 Options.compaction_options_universal.max_merge_width: 4294967295
2022/08/26-23:13:37.392041 7f6b19f081c0 Options.compaction_options_universal.max_size_amplification_percent: 200
2022/08/26-23:13:37.392042 7f6b19f081c0 Options.compaction_options_universal.compression_size_percent: -1
2022/08/26-23:13:37.392043 7f6b19f081c0 Options.compaction_options_universal.stop_style: kCompactionStopStyleTotalSize
2022/08/26-23:13:37.392044 7f6b19f081c0 Options.compaction_options_fifo.max_table_files_size: 1073741824
2022/08/26-23:13:37.392045 7f6b19f081c0 Options.compaction_options_fifo.allow_compaction: 0
2022/08/26-23:13:37.392047 7f6b19f081c0                   Options.table_properties_collectors: 
2022/08/26-23:13:37.392048 7f6b19f081c0                   Options.inplace_update_support: 0
2022/08/26-23:13:37.392049 7f6b19f081c0                 Options.inplace_update_num_locks: 10000
2022/08/26-23:13:37.392050 7f6b19f081c0               Options.memtable_prefix_bloom_size_ratio: 0.000000
2022/08/26-23:13:37.392051 7f6b19f081c0               Options.memtable_whole_key_filtering: 0
2022/08/26-23:13:37.392052 7f6b19f081c0   Options.memtable_huge_page_size: 0
2022/08/26-23:13:37.392053 7f6b19f081c0                           Options.bloom_locality: 0
2022/08/26-23:13:37.392054 7f6b19f081c0                    Options.max_successive_merges: 0
2022/08/26-23:13:37.392055 7f6b19f081c0                Options.optimize_filters_for_hits: 0
2022/08/26-23:13:37.392056 7f6b19f081c0                Options.paranoid_file_checks: 0
2022/08/26-23:13:37.392057 7f6b19f081c0                Options.force_consistency_checks: 0
2022/08/26-23:13:37.392077 7f6b19f081c0                Options.report_bg_io_stats: 0
2022/08/26-23:13:37.392079 7f6b19f081c0                               Options.ttl: 2592000
2022/08/26-23:13:37.392080 7f6b19f081c0          Options.periodic_compaction_seconds: 2592000
2022/08/26-23:13:37.392101 7f6b19f081c0 [db/db_impl/db_impl.cc:2561] Created column family [CES] (ID 2)
2022/08/26-23:13:37.406703 7f6b19f081c0 [db/db_impl/db_impl_open.cc:1638] SstFileManager instance 0x7f6b19b65c00
2022/08/26-23:13:37.406718 7f6b19f081c0 DB pointer 0x7f6b05fcb000
2022/08/26-23:13:38.407111 7f6af8fed700 [db/db_impl/db_impl.cc:898] ------- DUMPING STATS -------
2022/08/26-23:13:38.407144 7f6af8fed700 [db/db_impl/db_impl.cc:900] 
** DB Stats **
Uptime(secs): 1.0 total, 1.0 interval
Cumulative writes: 2 writes, 2 keys, 2 commit groups, 0.7 writes per commit group, ingest: 0.00 GB, 0.00 MB/s
Cumulative WAL: 2 writes, 0 syncs, 2.00 writes per sync, written: 0.00 GB, 0.00 MB/s
Cumulative stall: 00:00:0.000 H:M:S, 0.0 percent
Interval writes: 2 writes, 2 keys, 2 commit groups, 0.7 writes per commit group, ingest: 0.00 MB, 0.00 MB/s
Interval WAL: 2 writes, 0 syncs, 2.00 writes per sync, written: 0.00 MB, 0.00 MB/s
Interval stall: 00:00:0.000 H:M:S, 0.0 percent

** Compaction Stats [default] **
Level    Files   Size     Score Read(GB)  Rn(GB) Rnp1(GB) Write(GB) Wnew(GB) Moved(GB) W-Amp Rd(MB/s) Wr(MB/s) Comp(sec) CompMergeCPU(sec) Comp(cnt) Avg(sec) KeyIn KeyDrop
----------------------------------------------------------------------------------------------------------------------------------------------------------------------------
 Sum      0/0    0.00 KB   0.0      0.0     0.0      0.0       0.0      0.0       0.0   0.0      0.0      0.0      0.00              0.00         0    0.000       0      0
 Int      0/0    0.00 KB   0.0      0.0     0.0      0.0       0.0      0.0       0.0   0.0      0.0      0.0      0.00              0.00         0    0.000       0      0

** Compaction Stats [default] **
Priority    Files   Size     Score Read(GB)  Rn(GB) Rnp1(GB) Write(GB) Wnew(GB) Moved(GB) W-Amp Rd(MB/s) Wr(MB/s) Comp(sec) CompMergeCPU(sec) Comp(cnt) Avg(sec) KeyIn KeyDrop
-------------------------------------------------------------------------------------------------------------------------------------------------------------------------------
Uptime(secs): 1.0 total, 1.0 interval
Flush(GB): cumulative 0.000, interval 0.000
AddFile(GB): cumulative 0.000, interval 0.000
AddFile(Total Files): cumulative 0, interval 0
AddFile(L0 Files): cumulative 0, interval 0
AddFile(Keys): cumulative 0, interval 0
Cumulative compaction: 0.00 GB write, 0.00 MB/s write, 0.00 GB read, 0.00 MB/s read, 0.0 seconds
Interval compaction: 0.00 GB write, 0.00 MB/s write, 0.00 GB read, 0.00 MB/s read, 0.0 seconds
Stalls(count): 0 level0_slowdown, 0 level0_slowdown_with_compaction, 0 level0_numfiles, 0 level0_numfiles_with_compaction, 0 stop for pending_compaction_bytes, 0 slowdown for pending_compaction_bytes, 0 memtable_compaction, 0 memtable_slowdown, interval 0 total count

** File Read Latency Histogram By Level [default] **

** Compaction Stats [CE] **
Level    Files   Size     Score Read(GB)  Rn(GB) Rnp1(GB) Write(GB) Wnew(GB) Moved(GB) W-Amp Rd(MB/s) Wr(MB/s) Comp(sec) CompMergeCPU(sec) Comp(cnt) Avg(sec) KeyIn KeyDrop
----------------------------------------------------------------------------------------------------------------------------------------------------------------------------
 Sum      0/0    0.00 KB   0.0      0.0     0.0      0.0       0.0      0.0       0.0   0.0      0.0      0.0      0.00              0.00         0    0.000       0      0
 Int      0/0    0.00 KB   0.0      0.0     0.0      0.0       0.0      0.0       0.0   0.0      0.0      0.0      0.00              0.00         0    0.000       0      0

** Compaction Stats [CE] **
Priority    Files   Size     Score Read(GB)  Rn(GB) Rnp1(GB) Write(GB) Wnew(GB) Moved(GB) W-Amp Rd(MB/s) Wr(MB/s) Comp(sec) CompMergeCPU(sec) Comp(cnt) Avg(sec) KeyIn KeyDrop
-------------------------------------------------------------------------------------------------------------------------------------------------------------------------------
Uptime(secs): 1.0 total, 1.0 interval
Flush(GB): cumulative 0.000, interval 0.000
AddFile(GB): cumulative 0.000, interval 0.000
AddFile(Total Files): cumulative 0, interval 0
AddFile(L0 Files): cumulative 0, interval 0
AddFile(Keys): cumulative 0, interval 0
Cumulative compaction: 0.00 GB write, 0.00 MB/s write, 0.00 GB read, 0.00 MB/s read, 0.0 seconds
Interval compaction: 0.00 GB write, 0.00 MB/s write, 0.00 GB read, 0.00 MB/s read, 0.0 seconds
Stalls(count): 0 level0_slowdown, 0 level0_slowdown_with_compaction, 0 level0_numfiles, 0 level0_numfiles_with_compaction, 0 stop for pending_compaction_bytes, 0 slowdown for pending_compaction_bytes, 0 memtable_compaction, 0 memtable_slowdown, interval 0 total count

** File Read Latency Histogram By Level [CE] **

