2022/08/26-23:13:37.176976 7f6b19f081c0 RocksDB version: 6.12.7
2022/08/26-23:13:37.177112 7f6b19f081c0 Git sha rocksdb_build_git_sha:@0@
2022/08/26-23:13:37.177115 7f6b19f081c0 Compile date Jan  1 1980
2022/08/26-23:13:37.177166 7f6b19f081c0 DB SUMMARY
2022/08/26-23:13:37.177168 7f6b19f081c0 DB Session ID:  UP1KVKNABN34YIZZEKZI
2022/08/26-23:13:37.177183 7f6b19f081c0 SST files in /home/ubuntu/fpt_hackathon_2022/ck/motoko_app/.dfx/state/replicated_state/node-100/ic_consensus_pool/consensus dir, Total Num: 0, files: 
2022/08/26-23:13:37.177185 7f6b19f081c0 Write Ahead Log file in /home/ubuntu/fpt_hackathon_2022/ck/motoko_app/.dfx/state/replicated_state/node-100/ic_consensus_pool/consensus: 
2022/08/26-23:13:37.177186 7f6b19f081c0                         Options.error_if_exists: 0
2022/08/26-23:13:37.177187 7f6b19f081c0                       Options.create_if_missing: 1
2022/08/26-23:13:37.177188 7f6b19f081c0                         Options.paranoid_checks: 1
2022/08/26-23:13:37.177189 7f6b19f081c0                                     Options.env: 0x563ebd13eba0
2022/08/26-23:13:37.177191 7f6b19f081c0                                      Options.fs: Posix File System
2022/08/26-23:13:37.177192 7f6b19f081c0                                Options.info_log: 0x7f6b19a5f480
2022/08/26-23:13:37.177193 7f6b19f081c0                Options.max_file_opening_threads: 16
2022/08/26-23:13:37.177194 7f6b19f081c0                              Options.statistics: (nil)
2022/08/26-23:13:37.177195 7f6b19f081c0                               Options.use_fsync: 1
2022/08/26-23:13:37.177196 7f6b19f081c0                       Options.max_log_file_size: 0
2022/08/26-23:13:37.177197 7f6b19f081c0                  Options.max_manifest_file_size: 1073741824
2022/08/26-23:13:37.177198 7f6b19f081c0                   Options.log_file_time_to_roll: 0
2022/08/26-23:13:37.177199 7f6b19f081c0                       Options.keep_log_file_num: 1000
2022/08/26-23:13:37.177200 7f6b19f081c0                    Options.recycle_log_file_num: 0
2022/08/26-23:13:37.177201 7f6b19f081c0                         Options.allow_fallocate: 1
2022/08/26-23:13:37.177201 7f6b19f081c0                        Options.allow_mmap_reads: 0
2022/08/26-23:13:37.177202 7f6b19f081c0                       Options.allow_mmap_writes: 0
2022/08/26-23:13:37.177203 7f6b19f081c0                        Options.use_direct_reads: 0
2022/08/26-23:13:37.177204 7f6b19f081c0                        Options.use_direct_io_for_flush_and_compaction: 0
2022/08/26-23:13:37.177205 7f6b19f081c0          Options.create_missing_column_families: 1
2022/08/26-23:13:37.177206 7f6b19f081c0                              Options.db_log_dir: 
2022/08/26-23:13:37.177207 7f6b19f081c0                                 Options.wal_dir: /home/ubuntu/fpt_hackathon_2022/ck/motoko_app/.dfx/state/replicated_state/node-100/ic_consensus_pool/consensus
2022/08/26-23:13:37.177208 7f6b19f081c0                Options.table_cache_numshardbits: 6
2022/08/26-23:13:37.177209 7f6b19f081c0                         Options.WAL_ttl_seconds: 0
2022/08/26-23:13:37.177210 7f6b19f081c0                       Options.WAL_size_limit_MB: 0
2022/08/26-23:13:37.177211 7f6b19f081c0                        Options.max_write_batch_group_size_bytes: 1048576
2022/08/26-23:13:37.177212 7f6b19f081c0             Options.manifest_preallocation_size: 4194304
2022/08/26-23:13:37.177213 7f6b19f081c0                     Options.is_fd_close_on_exec: 1
2022/08/26-23:13:37.177214 7f6b19f081c0                   Options.advise_random_on_open: 1
2022/08/26-23:13:37.177215 7f6b19f081c0                    Options.db_write_buffer_size: 0
2022/08/26-23:13:37.177215 7f6b19f081c0                    Options.write_buffer_manager: 0x7f6b14532a60
2022/08/26-23:13:37.177216 7f6b19f081c0         Options.access_hint_on_compaction_start: 1
2022/08/26-23:13:37.177217 7f6b19f081c0  Options.new_table_reader_for_compaction_inputs: 0
2022/08/26-23:13:37.177218 7f6b19f081c0           Options.random_access_max_buffer_size: 1048576
2022/08/26-23:13:37.177219 7f6b19f081c0                      Options.use_adaptive_mutex: 0
2022/08/26-23:13:37.177220 7f6b19f081c0                            Options.rate_limiter: (nil)
2022/08/26-23:13:37.177245 7f6b19f081c0     Options.sst_file_manager.rate_bytes_per_sec: 0
2022/08/26-23:13:37.177247 7f6b19f081c0                       Options.wal_recovery_mode: 2
2022/08/26-23:13:37.177248 7f6b19f081c0                  Options.enable_thread_tracking: 0
2022/08/26-23:13:37.177249 7f6b19f081c0                  Options.enable_pipelined_write: 0
2022/08/26-23:13:37.177250 7f6b19f081c0                  Options.unordered_write: 0
2022/08/26-23:13:37.177251 7f6b19f081c0         Options.allow_concurrent_memtable_write: 1
2022/08/26-23:13:37.177252 7f6b19f081c0      Options.enable_write_thread_adaptive_yield: 1
2022/08/26-23:13:37.177252 7f6b19f081c0             Options.write_thread_max_yield_usec: 100
2022/08/26-23:13:37.177254 7f6b19f081c0            Options.write_thread_slow_yield_usec: 3
2022/08/26-23:13:37.177255 7f6b19f081c0                               Options.row_cache: None
2022/08/26-23:13:37.177255 7f6b19f081c0                              Options.wal_filter: None
2022/08/26-23:13:37.177257 7f6b19f081c0             Options.avoid_flush_during_recovery: 0
2022/08/26-23:13:37.177258 7f6b19f081c0             Options.allow_ingest_behind: 0
2022/08/26-23:13:37.177258 7f6b19f081c0             Options.preserve_deletes: 0
2022/08/26-23:13:37.177259 7f6b19f081c0             Options.two_write_queues: 0
2022/08/26-23:13:37.177260 7f6b19f081c0             Options.manual_wal_flush: 0
2022/08/26-23:13:37.177261 7f6b19f081c0             Options.atomic_flush: 0
2022/08/26-23:13:37.177262 7f6b19f081c0             Options.avoid_unnecessary_blocking_io: 0
2022/08/26-23:13:37.177263 7f6b19f081c0                 Options.persist_stats_to_disk: 0
2022/08/26-23:13:37.177264 7f6b19f081c0                 Options.write_dbid_to_manifest: 0
2022/08/26-23:13:37.177265 7f6b19f081c0                 Options.log_readahead_size: 0
2022/08/26-23:13:37.177266 7f6b19f081c0                 Options.file_checksum_gen_factory: Unknown
2022/08/26-23:13:37.177267 7f6b19f081c0                 Options.best_efforts_recovery: 0
2022/08/26-23:13:37.177268 7f6b19f081c0                Options.max_bgerror_resume_count: 2147483647
2022/08/26-23:13:37.177269 7f6b19f081c0            Options.bgerror_resume_retry_interval: 1000000
2022/08/26-23:13:37.177270 7f6b19f081c0             Options.max_background_jobs: 2
2022/08/26-23:13:37.177271 7f6b19f081c0             Options.max_background_compactions: -1
2022/08/26-23:13:37.177272 7f6b19f081c0             Options.max_subcompactions: 1
2022/08/26-23:13:37.177273 7f6b19f081c0             Options.avoid_flush_during_shutdown: 0
2022/08/26-23:13:37.177273 7f6b19f081c0           Options.writable_file_max_buffer_size: 1048576
2022/08/26-23:13:37.177274 7f6b19f081c0             Options.delayed_write_rate : 16777216
2022/08/26-23:13:37.177275 7f6b19f081c0             Options.max_total_wal_size: 0
2022/08/26-23:13:37.177276 7f6b19f081c0             Options.delete_obsolete_files_period_micros: 21600000000
2022/08/26-23:13:37.177297 7f6b19f081c0                   Options.stats_dump_period_sec: 600
2022/08/26-23:13:37.177298 7f6b19f081c0                 Options.stats_persist_period_sec: 600
2022/08/26-23:13:37.177299 7f6b19f081c0                 Options.stats_history_buffer_size: 1048576
2022/08/26-23:13:37.177300 7f6b19f081c0                          Options.max_open_files: -1
2022/08/26-23:13:37.177301 7f6b19f081c0                          Options.bytes_per_sync: 0
2022/08/26-23:13:37.177302 7f6b19f081c0                      Options.wal_bytes_per_sync: 0
2022/08/26-23:13:37.177303 7f6b19f081c0                   Options.strict_bytes_per_sync: 0
2022/08/26-23:13:37.177304 7f6b19f081c0       Options.compaction_readahead_size: 0
2022/08/26-23:13:37.177305 7f6b19f081c0                  Options.max_background_flushes: -1
2022/08/26-23:13:37.177306 7f6b19f081c0 Compression algorithms supported:
2022/08/26-23:13:37.177307 7f6b19f081c0 	kZSTDNotFinalCompression supported: 1
2022/08/26-23:13:37.177694 7f6b19f081c0 	kZSTD supported: 1
2022/08/26-23:13:37.177697 7f6b19f081c0 	kXpressCompression supported: 0
2022/08/26-23:13:37.177728 7f6b19f081c0 	kLZ4HCCompression supported: 1
2022/08/26-23:13:37.177730 7f6b19f081c0 	kLZ4Compression supported: 1
2022/08/26-23:13:37.177732 7f6b19f081c0 	kBZip2Compression supported: 1
2022/08/26-23:13:37.177732 7f6b19f081c0 	kZlibCompression supported: 1
2022/08/26-23:13:37.177733 7f6b19f081c0 	kSnappyCompression supported: 1
2022/08/26-23:13:37.177736 7f6b19f081c0 Fast CRC32 supported: Supported on x86
2022/08/26-23:13:37.182826 7f6b19f081c0 [db/db_impl/db_impl_open.cc:271] Creating manifest 1 
2022/08/26-23:13:37.196974 7f6b19f081c0 [db/version_set.cc:4559] Recovering from manifest file: /home/ubuntu/fpt_hackathon_2022/ck/motoko_app/.dfx/state/replicated_state/node-100/ic_consensus_pool/consensus/MANIFEST-000001
2022/08/26-23:13:37.197058 7f6b19f081c0 [db/column_family.cc:578] --------------- Options for column family [default]:
2022/08/26-23:13:37.197060 7f6b19f081c0               Options.comparator: leveldb.BytewiseComparator
2022/08/26-23:13:37.197061 7f6b19f081c0           Options.merge_operator: None
2022/08/26-23:13:37.197062 7f6b19f081c0        Options.compaction_filter: None
2022/08/26-23:13:37.197063 7f6b19f081c0        Options.compaction_filter_factory: None
2022/08/26-23:13:37.197064 7f6b19f081c0  Options.sst_partitioner_factory: None
2022/08/26-23:13:37.197065 7f6b19f081c0         Options.memtable_factory: SkipListFactory
2022/08/26-23:13:37.197066 7f6b19f081c0            Options.table_factory: BlockBasedTable
2022/08/26-23:13:37.197085 7f6b19f081c0            table_factory options:   flush_block_policy_factory: FlushBlockBySizePolicyFactory (0x7f6b05f4e050)
  cache_index_and_filter_blocks: 0
  cache_index_and_filter_blocks_with_high_priority: 1
  pin_l0_filter_and_index_blocks_in_cache: 0
  pin_top_level_index_and_filter: 1
  index_type: 0
  data_block_index_type: 0
  index_shortening: 1
  data_block_hash_table_util_ratio: 0.750000
  hash_index_allow_collision: 1
  checksum: 1
  no_block_cache: 0
  block_cache: 0x7f6b05f60590
  block_cache_name: LRUCache
  block_cache_options:
    capacity : 8388608
    num_shard_bits : 4
    strict_capacity_limit : 0
    memory_allocator : None
    high_pri_pool_ratio: 0.000
  block_cache_compressed: (nil)
  persistent_cache: (nil)
  block_size: 4096
  block_size_deviation: 10
  block_restart_interval: 16
  index_block_restart_interval: 1
  metadata_block_size: 4096
  partition_filters: 0
  use_delta_encoding: 1
  filter_policy: nullptr
  whole_key_filtering: 1
  verify_compression: 0
  read_amp_bytes_per_bit: 0
  format_version: 4
  enable_index_compression: 1
  block_align: 0
2022/08/26-23:13:37.197089 7f6b19f081c0        Options.write_buffer_size: 67108864
2022/08/26-23:13:37.197090 7f6b19f081c0  Options.max_write_buffer_number: 2
2022/08/26-23:13:37.197091 7f6b19f081c0          Options.compression: Snappy
2022/08/26-23:13:37.197092 7f6b19f081c0                  Options.bottommost_compression: Disabled
2022/08/26-23:13:37.197093 7f6b19f081c0       Options.prefix_extractor: nullptr
2022/08/26-23:13:37.197094 7f6b19f081c0   Options.memtable_insert_with_hint_prefix_extractor: nullptr
2022/08/26-23:13:37.197095 7f6b19f081c0             Options.num_levels: 7
2022/08/26-23:13:37.197096 7f6b19f081c0        Options.min_write_buffer_number_to_merge: 1
2022/08/26-23:13:37.197096 7f6b19f081c0     Options.max_write_buffer_number_to_maintain: 0
2022/08/26-23:13:37.197097 7f6b19f081c0     Options.max_write_buffer_size_to_maintain: 0
2022/08/26-23:13:37.197098 7f6b19f081c0            Options.bottommost_compression_opts.window_bits: -14
2022/08/26-23:13:37.197099 7f6b19f081c0                  Options.bottommost_compression_opts.level: 32767
2022/08/26-23:13:37.197100 7f6b19f081c0               Options.bottommost_compression_opts.strategy: 0
2022/08/26-23:13:37.197101 7f6b19f081c0         Options.bottommost_compression_opts.max_dict_bytes: 0
2022/08/26-23:13:37.197102 7f6b19f081c0         Options.bottommost_compression_opts.zstd_max_train_bytes: 0
2022/08/26-23:13:37.197103 7f6b19f081c0         Options.bottommost_compression_opts.parallel_threads: 1
2022/08/26-23:13:37.197128 7f6b19f081c0                  Options.bottommost_compression_opts.enabled: false
2022/08/26-23:13:37.197131 7f6b19f081c0            Options.compression_opts.window_bits: -14
2022/08/26-23:13:37.197132 7f6b19f081c0                  Options.compression_opts.level: 32767
2022/08/26-23:13:37.197133 7f6b19f081c0               Options.compression_opts.strategy: 0
2022/08/26-23:13:37.197134 7f6b19f081c0         Options.compression_opts.max_dict_bytes: 0
2022/08/26-23:13:37.197134 7f6b19f081c0         Options.compression_opts.zstd_max_train_bytes: 0
2022/08/26-23:13:37.197135 7f6b19f081c0         Options.compression_opts.parallel_threads: 1
2022/08/26-23:13:37.197136 7f6b19f081c0                  Options.compression_opts.enabled: false
2022/08/26-23:13:37.197137 7f6b19f081c0      Options.level0_file_num_compaction_trigger: 4
2022/08/26-23:13:37.197138 7f6b19f081c0          Options.level0_slowdown_writes_trigger: 20
2022/08/26-23:13:37.197139 7f6b19f081c0              Options.level0_stop_writes_trigger: 36
2022/08/26-23:13:37.197140 7f6b19f081c0                   Options.target_file_size_base: 67108864
2022/08/26-23:13:37.197141 7f6b19f081c0             Options.target_file_size_multiplier: 1
2022/08/26-23:13:37.197142 7f6b19f081c0                Options.max_bytes_for_level_base: 268435456
2022/08/26-23:13:37.197143 7f6b19f081c0 Options.level_compaction_dynamic_level_bytes: 0
2022/08/26-23:13:37.197144 7f6b19f081c0          Options.max_bytes_for_level_multiplier: 10.000000
2022/08/26-23:13:37.197146 7f6b19f081c0 Options.max_bytes_for_level_multiplier_addtl[0]: 1
2022/08/26-23:13:37.197147 7f6b19f081c0 Options.max_bytes_for_level_multiplier_addtl[1]: 1
2022/08/26-23:13:37.197148 7f6b19f081c0 Options.max_bytes_for_level_multiplier_addtl[2]: 1
2022/08/26-23:13:37.197149 7f6b19f081c0 Options.max_bytes_for_level_multiplier_addtl[3]: 1
2022/08/26-23:13:37.197150 7f6b19f081c0 Options.max_bytes_for_level_multiplier_addtl[4]: 1
2022/08/26-23:13:37.197150 7f6b19f081c0 Options.max_bytes_for_level_multiplier_addtl[5]: 1
2022/08/26-23:13:37.197151 7f6b19f081c0 Options.max_bytes_for_level_multiplier_addtl[6]: 1
2022/08/26-23:13:37.197152 7f6b19f081c0       Options.max_sequential_skip_in_iterations: 8
2022/08/26-23:13:37.197153 7f6b19f081c0                    Options.max_compaction_bytes: 1677721600
2022/08/26-23:13:37.197154 7f6b19f081c0                        Options.arena_block_size: 8388608
2022/08/26-23:13:37.197155 7f6b19f081c0   Options.soft_pending_compaction_bytes_limit: 68719476736
2022/08/26-23:13:37.197156 7f6b19f081c0   Options.hard_pending_compaction_bytes_limit: 274877906944
2022/08/26-23:13:37.197157 7f6b19f081c0       Options.rate_limit_delay_max_milliseconds: 100
2022/08/26-23:13:37.197158 7f6b19f081c0                Options.disable_auto_compactions: 0
2022/08/26-23:13:37.197159 7f6b19f081c0                        Options.compaction_style: kCompactionStyleLevel
2022/08/26-23:13:37.197161 7f6b19f081c0                          Options.compaction_pri: kMinOverlappingRatio
2022/08/26-23:13:37.197161 7f6b19f081c0 Options.compaction_options_universal.size_ratio: 1
2022/08/26-23:13:37.197162 7f6b19f081c0 Options.compaction_options_universal.min_merge_width: 2
2022/08/26-23:13:37.197163 7f6b19f081c0 Options.compaction_options_universal.max_merge_width: 4294967295
2022/08/26-23:13:37.197164 7f6b19f081c0 Options.compaction_options_universal.max_size_amplification_percent: 200
2022/08/26-23:13:37.197165 7f6b19f081c0 Options.compaction_options_universal.compression_size_percent: -1
2022/08/26-23:13:37.197166 7f6b19f081c0 Options.compaction_options_universal.stop_style: kCompactionStopStyleTotalSize
2022/08/26-23:13:37.197167 7f6b19f081c0 Options.compaction_options_fifo.max_table_files_size: 1073741824
2022/08/26-23:13:37.197168 7f6b19f081c0 Options.compaction_options_fifo.allow_compaction: 0
2022/08/26-23:13:37.197172 7f6b19f081c0                   Options.table_properties_collectors: 
2022/08/26-23:13:37.197173 7f6b19f081c0                   Options.inplace_update_support: 0
2022/08/26-23:13:37.197174 7f6b19f081c0                 Options.inplace_update_num_locks: 10000
2022/08/26-23:13:37.197182 7f6b19f081c0               Options.memtable_prefix_bloom_size_ratio: 0.000000
2022/08/26-23:13:37.197184 7f6b19f081c0               Options.memtable_whole_key_filtering: 0
2022/08/26-23:13:37.197185 7f6b19f081c0   Options.memtable_huge_page_size: 0
2022/08/26-23:13:37.197186 7f6b19f081c0                           Options.bloom_locality: 0
2022/08/26-23:13:37.197187 7f6b19f081c0                    Options.max_successive_merges: 0
2022/08/26-23:13:37.197188 7f6b19f081c0                Options.optimize_filters_for_hits: 0
2022/08/26-23:13:37.197188 7f6b19f081c0                Options.paranoid_file_checks: 0
2022/08/26-23:13:37.197189 7f6b19f081c0                Options.force_consistency_checks: 0
2022/08/26-23:13:37.197190 7f6b19f081c0                Options.report_bg_io_stats: 0
2022/08/26-23:13:37.197191 7f6b19f081c0                               Options.ttl: 2592000
2022/08/26-23:13:37.197192 7f6b19f081c0          Options.periodic_compaction_seconds: 0
2022/08/26-23:13:37.198334 7f6b19f081c0 [db/version_set.cc:4708] Recovered from manifest file:/home/ubuntu/fpt_hackathon_2022/ck/motoko_app/.dfx/state/replicated_state/node-100/ic_consensus_pool/consensus/MANIFEST-000001 succeeded,manifest_file_number is 1, next_file_number is 3, last_sequence is 0, log_number is 0,prev_log_number is 0,max_column_family is 0,min_log_number_to_keep is 0
2022/08/26-23:13:37.198338 7f6b19f081c0 [db/version_set.cc:4724] Column family [default] (ID 0), log number is 0
2022/08/26-23:13:37.198434 7f6b19f081c0 [db/version_set.cc:3949] Creating manifest 4
2022/08/26-23:13:37.212655 7f6b19f081c0 [db/column_family.cc:578] --------------- Options for column family [RB]:
2022/08/26-23:13:37.212658 7f6b19f081c0               Options.comparator: leveldb.BytewiseComparator
2022/08/26-23:13:37.212660 7f6b19f081c0           Options.merge_operator: None
2022/08/26-23:13:37.212662 7f6b19f081c0        Options.compaction_filter: filter_outdated
2022/08/26-23:13:37.212663 7f6b19f081c0        Options.compaction_filter_factory: None
2022/08/26-23:13:37.212664 7f6b19f081c0  Options.sst_partitioner_factory: None
2022/08/26-23:13:37.212665 7f6b19f081c0         Options.memtable_factory: SkipListFactory
2022/08/26-23:13:37.212665 7f6b19f081c0            Options.table_factory: BlockBasedTable
2022/08/26-23:13:37.212680 7f6b19f081c0            table_factory options:   flush_block_policy_factory: FlushBlockBySizePolicyFactory (0x7f6b19a08f28)
  cache_index_and_filter_blocks: 0
  cache_index_and_filter_blocks_with_high_priority: 1
  pin_l0_filter_and_index_blocks_in_cache: 0
  pin_top_level_index_and_filter: 1
  index_type: 0
  data_block_index_type: 0
  index_shortening: 1
  data_block_hash_table_util_ratio: 0.750000
  hash_index_allow_collision: 1
  checksum: 1
  no_block_cache: 0
  block_cache: 0x7f6b145e0f90
  block_cache_name: LRUCache
  block_cache_options:
    capacity : 8388608
    num_shard_bits : 4
    strict_capacity_limit : 0
    memory_allocator : None
    high_pri_pool_ratio: 0.000
  block_cache_compressed: (nil)
  persistent_cache: (nil)
  block_size: 4096
  block_size_deviation: 10
  block_restart_interval: 16
  index_block_restart_interval: 1
  metadata_block_size: 4096
  partition_filters: 0
  use_delta_encoding: 1
  filter_policy: nullptr
  whole_key_filtering: 1
  verify_compression: 0
  read_amp_bytes_per_bit: 0
  format_version: 4
  enable_index_compression: 1
  block_align: 0
2022/08/26-23:13:37.212684 7f6b19f081c0        Options.write_buffer_size: 67108864
2022/08/26-23:13:37.212685 7f6b19f081c0  Options.max_write_buffer_number: 2
2022/08/26-23:13:37.212686 7f6b19f081c0          Options.compression: NoCompression
2022/08/26-23:13:37.212687 7f6b19f081c0                  Options.bottommost_compression: Disabled
2022/08/26-23:13:37.212688 7f6b19f081c0       Options.prefix_extractor: nullptr
2022/08/26-23:13:37.212689 7f6b19f081c0   Options.memtable_insert_with_hint_prefix_extractor: nullptr
2022/08/26-23:13:37.212690 7f6b19f081c0             Options.num_levels: 7
2022/08/26-23:13:37.212691 7f6b19f081c0        Options.min_write_buffer_number_to_merge: 1
2022/08/26-23:13:37.212692 7f6b19f081c0     Options.max_write_buffer_number_to_maintain: 0
2022/08/26-23:13:37.212693 7f6b19f081c0     Options.max_write_buffer_size_to_maintain: 0
2022/08/26-23:13:37.212694 7f6b19f081c0            Options.bottommost_compression_opts.window_bits: -14
2022/08/26-23:13:37.212695 7f6b19f081c0                  Options.bottommost_compression_opts.level: 32767
2022/08/26-23:13:37.212696 7f6b19f081c0               Options.bottommost_compression_opts.strategy: 0
2022/08/26-23:13:37.212696 7f6b19f081c0         Options.bottommost_compression_opts.max_dict_bytes: 0
2022/08/26-23:13:37.212697 7f6b19f081c0         Options.bottommost_compression_opts.zstd_max_train_bytes: 0
2022/08/26-23:13:37.212698 7f6b19f081c0         Options.bottommost_compression_opts.parallel_threads: 1
2022/08/26-23:13:37.212699 7f6b19f081c0                  Options.bottommost_compression_opts.enabled: false
2022/08/26-23:13:37.212700 7f6b19f081c0            Options.compression_opts.window_bits: -14
2022/08/26-23:13:37.212701 7f6b19f081c0                  Options.compression_opts.level: 32767
2022/08/26-23:13:37.212702 7f6b19f081c0               Options.compression_opts.strategy: 0
2022/08/26-23:13:37.212703 7f6b19f081c0         Options.compression_opts.max_dict_bytes: 0
2022/08/26-23:13:37.212704 7f6b19f081c0         Options.compression_opts.zstd_max_train_bytes: 0
2022/08/26-23:13:37.212705 7f6b19f081c0         Options.compression_opts.parallel_threads: 1
2022/08/26-23:13:37.212706 7f6b19f081c0                  Options.compression_opts.enabled: false
2022/08/26-23:13:37.212730 7f6b19f081c0      Options.level0_file_num_compaction_trigger: 4
2022/08/26-23:13:37.212732 7f6b19f081c0          Options.level0_slowdown_writes_trigger: 20
2022/08/26-23:13:37.212733 7f6b19f081c0              Options.level0_stop_writes_trigger: 36
2022/08/26-23:13:37.212734 7f6b19f081c0                   Options.target_file_size_base: 67108864
2022/08/26-23:13:37.212735 7f6b19f081c0             Options.target_file_size_multiplier: 1
2022/08/26-23:13:37.212736 7f6b19f081c0                Options.max_bytes_for_level_base: 268435456
2022/08/26-23:13:37.212737 7f6b19f081c0 Options.level_compaction_dynamic_level_bytes: 0
2022/08/26-23:13:37.212738 7f6b19f081c0          Options.max_bytes_for_level_multiplier: 10.000000
2022/08/26-23:13:37.212740 7f6b19f081c0 Options.max_bytes_for_level_multiplier_addtl[0]: 1
2022/08/26-23:13:37.212741 7f6b19f081c0 Options.max_bytes_for_level_multiplier_addtl[1]: 1
2022/08/26-23:13:37.212742 7f6b19f081c0 Options.max_bytes_for_level_multiplier_addtl[2]: 1
2022/08/26-23:13:37.212743 7f6b19f081c0 Options.max_bytes_for_level_multiplier_addtl[3]: 1
2022/08/26-23:13:37.212744 7f6b19f081c0 Options.max_bytes_for_level_multiplier_addtl[4]: 1
2022/08/26-23:13:37.212745 7f6b19f081c0 Options.max_bytes_for_level_multiplier_addtl[5]: 1
2022/08/26-23:13:37.212746 7f6b19f081c0 Options.max_bytes_for_level_multiplier_addtl[6]: 1
2022/08/26-23:13:37.212747 7f6b19f081c0       Options.max_sequential_skip_in_iterations: 8
2022/08/26-23:13:37.212747 7f6b19f081c0                    Options.max_compaction_bytes: 1677721600
2022/08/26-23:13:37.212748 7f6b19f081c0                        Options.arena_block_size: 8388608
2022/08/26-23:13:37.212749 7f6b19f081c0   Options.soft_pending_compaction_bytes_limit: 68719476736
2022/08/26-23:13:37.212750 7f6b19f081c0   Options.hard_pending_compaction_bytes_limit: 274877906944
2022/08/26-23:13:37.212751 7f6b19f081c0       Options.rate_limit_delay_max_milliseconds: 100
2022/08/26-23:13:37.212752 7f6b19f081c0                Options.disable_auto_compactions: 1
2022/08/26-23:13:37.212754 7f6b19f081c0                        Options.compaction_style: kCompactionStyleLevel
2022/08/26-23:13:37.212755 7f6b19f081c0                          Options.compaction_pri: kMinOverlappingRatio
2022/08/26-23:13:37.212756 7f6b19f081c0 Options.compaction_options_universal.size_ratio: 1
2022/08/26-23:13:37.212757 7f6b19f081c0 Options.compaction_options_universal.min_merge_width: 2
2022/08/26-23:13:37.212758 7f6b19f081c0 Options.compaction_options_universal.max_merge_width: 4294967295
2022/08/26-23:13:37.212758 7f6b19f081c0 Options.compaction_options_universal.max_size_amplification_percent: 200
2022/08/26-23:13:37.212759 7f6b19f081c0 Options.compaction_options_universal.compression_size_percent: -1
2022/08/26-23:13:37.212761 7f6b19f081c0 Options.compaction_options_universal.stop_style: kCompactionStopStyleTotalSize
2022/08/26-23:13:37.212761 7f6b19f081c0 Options.compaction_options_fifo.max_table_files_size: 1073741824
2022/08/26-23:13:37.212762 7f6b19f081c0 Options.compaction_options_fifo.allow_compaction: 0
2022/08/26-23:13:37.212766 7f6b19f081c0                   Options.table_properties_collectors: 
2022/08/26-23:13:37.212767 7f6b19f081c0                   Options.inplace_update_support: 0
2022/08/26-23:13:37.212768 7f6b19f081c0                 Options.inplace_update_num_locks: 10000
2022/08/26-23:13:37.212769 7f6b19f081c0               Options.memtable_prefix_bloom_size_ratio: 0.000000
2022/08/26-23:13:37.212770 7f6b19f081c0               Options.memtable_whole_key_filtering: 0
2022/08/26-23:13:37.212771 7f6b19f081c0   Options.memtable_huge_page_size: 0
2022/08/26-23:13:37.212772 7f6b19f081c0                           Options.bloom_locality: 0
2022/08/26-23:13:37.212773 7f6b19f081c0                    Options.max_successive_merges: 0
2022/08/26-23:13:37.212794 7f6b19f081c0                Options.optimize_filters_for_hits: 0
2022/08/26-23:13:37.212795 7f6b19f081c0                Options.paranoid_file_checks: 0
2022/08/26-23:13:37.212796 7f6b19f081c0                Options.force_consistency_checks: 0
2022/08/26-23:13:37.212845 7f6b19f081c0                Options.report_bg_io_stats: 0
2022/08/26-23:13:37.212847 7f6b19f081c0                               Options.ttl: 2592000
2022/08/26-23:13:37.212848 7f6b19f081c0          Options.periodic_compaction_seconds: 2592000
2022/08/26-23:13:37.212873 7f6b19f081c0 [db/db_impl/db_impl.cc:2561] Created column family [RB] (ID 1)
2022/08/26-23:13:37.221772 7f6b19f081c0 [db/column_family.cc:578] --------------- Options for column family [FZ]:
2022/08/26-23:13:37.221776 7f6b19f081c0               Options.comparator: leveldb.BytewiseComparator
2022/08/26-23:13:37.221777 7f6b19f081c0           Options.merge_operator: None
2022/08/26-23:13:37.221778 7f6b19f081c0        Options.compaction_filter: filter_outdated
2022/08/26-23:13:37.221779 7f6b19f081c0        Options.compaction_filter_factory: None
2022/08/26-23:13:37.221780 7f6b19f081c0  Options.sst_partitioner_factory: None
2022/08/26-23:13:37.221781 7f6b19f081c0         Options.memtable_factory: SkipListFactory
2022/08/26-23:13:37.221782 7f6b19f081c0            Options.table_factory: BlockBasedTable
2022/08/26-23:13:37.221794 7f6b19f081c0            table_factory options:   flush_block_policy_factory: FlushBlockBySizePolicyFactory (0x7f6b19a08f40)
  cache_index_and_filter_blocks: 0
  cache_index_and_filter_blocks_with_high_priority: 1
  pin_l0_filter_and_index_blocks_in_cache: 0
  pin_top_level_index_and_filter: 1
  index_type: 0
  data_block_index_type: 0
  index_shortening: 1
  data_block_hash_table_util_ratio: 0.750000
  hash_index_allow_collision: 1
  checksum: 1
  no_block_cache: 0
  block_cache: 0x7f6b05f49810
  block_cache_name: LRUCache
  block_cache_options:
    capacity : 8388608
    num_shard_bits : 4
    strict_capacity_limit : 0
    memory_allocator : None
    high_pri_pool_ratio: 0.000
  block_cache_compressed: (nil)
  persistent_cache: (nil)
  block_size: 4096
  block_size_deviation: 10
  block_restart_interval: 16
  index_block_restart_interval: 1
  metadata_block_size: 4096
  partition_filters: 0
  use_delta_encoding: 1
  filter_policy: nullptr
  whole_key_filtering: 1
  verify_compression: 0
  read_amp_bytes_per_bit: 0
  format_version: 4
  enable_index_compression: 1
  block_align: 0
2022/08/26-23:13:37.221796 7f6b19f081c0        Options.write_buffer_size: 67108864
2022/08/26-23:13:37.221797 7f6b19f081c0  Options.max_write_buffer_number: 2
2022/08/26-23:13:37.221798 7f6b19f081c0          Options.compression: NoCompression
2022/08/26-23:13:37.221799 7f6b19f081c0                  Options.bottommost_compression: Disabled
2022/08/26-23:13:37.221800 7f6b19f081c0       Options.prefix_extractor: nullptr
2022/08/26-23:13:37.221801 7f6b19f081c0   Options.memtable_insert_with_hint_prefix_extractor: nullptr
2022/08/26-23:13:37.221802 7f6b19f081c0             Options.num_levels: 7
2022/08/26-23:13:37.221803 7f6b19f081c0        Options.min_write_buffer_number_to_merge: 1
2022/08/26-23:13:37.221804 7f6b19f081c0     Options.max_write_buffer_number_to_maintain: 0
2022/08/26-23:13:37.221805 7f6b19f081c0     Options.max_write_buffer_size_to_maintain: 0
2022/08/26-23:13:37.221806 7f6b19f081c0            Options.bottommost_compression_opts.window_bits: -14
2022/08/26-23:13:37.221807 7f6b19f081c0                  Options.bottommost_compression_opts.level: 32767
2022/08/26-23:13:37.221808 7f6b19f081c0               Options.bottommost_compression_opts.strategy: 0
2022/08/26-23:13:37.221809 7f6b19f081c0         Options.bottommost_compression_opts.max_dict_bytes: 0
2022/08/26-23:13:37.221810 7f6b19f081c0         Options.bottommost_compression_opts.zstd_max_train_bytes: 0
2022/08/26-23:13:37.221811 7f6b19f081c0         Options.bottommost_compression_opts.parallel_threads: 1
2022/08/26-23:13:37.221811 7f6b19f081c0                  Options.bottommost_compression_opts.enabled: false
2022/08/26-23:13:37.221812 7f6b19f081c0            Options.compression_opts.window_bits: -14
2022/08/26-23:13:37.221813 7f6b19f081c0                  Options.compression_opts.level: 32767
2022/08/26-23:13:37.221814 7f6b19f081c0               Options.compression_opts.strategy: 0
2022/08/26-23:13:37.221815 7f6b19f081c0         Options.compression_opts.max_dict_bytes: 0
2022/08/26-23:13:37.221816 7f6b19f081c0         Options.compression_opts.zstd_max_train_bytes: 0
2022/08/26-23:13:37.221817 7f6b19f081c0         Options.compression_opts.parallel_threads: 1
2022/08/26-23:13:37.221818 7f6b19f081c0                  Options.compression_opts.enabled: false
2022/08/26-23:13:37.221843 7f6b19f081c0      Options.level0_file_num_compaction_trigger: 4
2022/08/26-23:13:37.221845 7f6b19f081c0          Options.level0_slowdown_writes_trigger: 20
2022/08/26-23:13:37.221846 7f6b19f081c0              Options.level0_stop_writes_trigger: 36
2022/08/26-23:13:37.221847 7f6b19f081c0                   Options.target_file_size_base: 67108864
2022/08/26-23:13:37.221848 7f6b19f081c0             Options.target_file_size_multiplier: 1
2022/08/26-23:13:37.221849 7f6b19f081c0                Options.max_bytes_for_level_base: 268435456
2022/08/26-23:13:37.221850 7f6b19f081c0 Options.level_compaction_dynamic_level_bytes: 0
2022/08/26-23:13:37.221850 7f6b19f081c0          Options.max_bytes_for_level_multiplier: 10.000000
2022/08/26-23:13:37.221852 7f6b19f081c0 Options.max_bytes_for_level_multiplier_addtl[0]: 1
2022/08/26-23:13:37.221853 7f6b19f081c0 Options.max_bytes_for_level_multiplier_addtl[1]: 1
2022/08/26-23:13:37.221854 7f6b19f081c0 Options.max_bytes_for_level_multiplier_addtl[2]: 1
2022/08/26-23:13:37.221855 7f6b19f081c0 Options.max_bytes_for_level_multiplier_addtl[3]: 1
2022/08/26-23:13:37.221856 7f6b19f081c0 Options.max_bytes_for_level_multiplier_addtl[4]: 1
2022/08/26-23:13:37.221857 7f6b19f081c0 Options.max_bytes_for_level_multiplier_addtl[5]: 1
2022/08/26-23:13:37.221858 7f6b19f081c0 Options.max_bytes_for_level_multiplier_addtl[6]: 1
2022/08/26-23:13:37.221859 7f6b19f081c0       Options.max_sequential_skip_in_iterations: 8
2022/08/26-23:13:37.221860 7f6b19f081c0                    Options.max_compaction_bytes: 1677721600
2022/08/26-23:13:37.221861 7f6b19f081c0                        Options.arena_block_size: 8388608
2022/08/26-23:13:37.221862 7f6b19f081c0   Options.soft_pending_compaction_bytes_limit: 68719476736
2022/08/26-23:13:37.221863 7f6b19f081c0   Options.hard_pending_compaction_bytes_limit: 274877906944
2022/08/26-23:13:37.221864 7f6b19f081c0       Options.rate_limit_delay_max_milliseconds: 100
2022/08/26-23:13:37.221865 7f6b19f081c0                Options.disable_auto_compactions: 1
2022/08/26-23:13:37.221866 7f6b19f081c0                        Options.compaction_style: kCompactionStyleLevel
2022/08/26-23:13:37.221867 7f6b19f081c0                          Options.compaction_pri: kMinOverlappingRatio
2022/08/26-23:13:37.221868 7f6b19f081c0 Options.compaction_options_universal.size_ratio: 1
2022/08/26-23:13:37.221869 7f6b19f081c0 Options.compaction_options_universal.min_merge_width: 2
2022/08/26-23:13:37.221870 7f6b19f081c0 Options.compaction_options_universal.max_merge_width: 4294967295
2022/08/26-23:13:37.221870 7f6b19f081c0 Options.compaction_options_universal.max_size_amplification_percent: 200
2022/08/26-23:13:37.221871 7f6b19f081c0 Options.compaction_options_universal.compression_size_percent: -1
2022/08/26-23:13:37.221872 7f6b19f081c0 Options.compaction_options_universal.stop_style: kCompactionStopStyleTotalSize
2022/08/26-23:13:37.221873 7f6b19f081c0 Options.compaction_options_fifo.max_table_files_size: 1073741824
2022/08/26-23:13:37.221874 7f6b19f081c0 Options.compaction_options_fifo.allow_compaction: 0
2022/08/26-23:13:37.221877 7f6b19f081c0                   Options.table_properties_collectors: 
2022/08/26-23:13:37.221878 7f6b19f081c0                   Options.inplace_update_support: 0
2022/08/26-23:13:37.221878 7f6b19f081c0                 Options.inplace_update_num_locks: 10000
2022/08/26-23:13:37.221879 7f6b19f081c0               Options.memtable_prefix_bloom_size_ratio: 0.000000
2022/08/26-23:13:37.221881 7f6b19f081c0               Options.memtable_whole_key_filtering: 0
2022/08/26-23:13:37.221881 7f6b19f081c0   Options.memtable_huge_page_size: 0
2022/08/26-23:13:37.221882 7f6b19f081c0                           Options.bloom_locality: 0
2022/08/26-23:13:37.221883 7f6b19f081c0                    Options.max_successive_merges: 0
2022/08/26-23:13:37.221884 7f6b19f081c0                Options.optimize_filters_for_hits: 0
2022/08/26-23:13:37.221885 7f6b19f081c0                Options.paranoid_file_checks: 0
2022/08/26-23:13:37.221886 7f6b19f081c0                Options.force_consistency_checks: 0
2022/08/26-23:13:37.221909 7f6b19f081c0                Options.report_bg_io_stats: 0
2022/08/26-23:13:37.221911 7f6b19f081c0                               Options.ttl: 2592000
2022/08/26-23:13:37.221912 7f6b19f081c0          Options.periodic_compaction_seconds: 2592000
2022/08/26-23:13:37.221929 7f6b19f081c0 [db/db_impl/db_impl.cc:2561] Created column family [FZ] (ID 2)
2022/08/26-23:13:37.230664 7f6b19f081c0 [db/column_family.cc:578] --------------- Options for column family [NZ]:
2022/08/26-23:13:37.230668 7f6b19f081c0               Options.comparator: leveldb.BytewiseComparator
2022/08/26-23:13:37.230669 7f6b19f081c0           Options.merge_operator: None
2022/08/26-23:13:37.230670 7f6b19f081c0        Options.compaction_filter: filter_outdated
2022/08/26-23:13:37.230671 7f6b19f081c0        Options.compaction_filter_factory: None
2022/08/26-23:13:37.230672 7f6b19f081c0  Options.sst_partitioner_factory: None
2022/08/26-23:13:37.230673 7f6b19f081c0         Options.memtable_factory: SkipListFactory
2022/08/26-23:13:37.230674 7f6b19f081c0            Options.table_factory: BlockBasedTable
2022/08/26-23:13:37.230687 7f6b19f081c0            table_factory options:   flush_block_policy_factory: FlushBlockBySizePolicyFactory (0x7f6b19a08f58)
  cache_index_and_filter_blocks: 0
  cache_index_and_filter_blocks_with_high_priority: 1
  pin_l0_filter_and_index_blocks_in_cache: 0
  pin_top_level_index_and_filter: 1
  index_type: 0
  data_block_index_type: 0
  index_shortening: 1
  data_block_hash_table_util_ratio: 0.750000
  hash_index_allow_collision: 1
  checksum: 1
  no_block_cache: 0
  block_cache: 0x7f6b05f4a090
  block_cache_name: LRUCache
  block_cache_options:
    capacity : 8388608
    num_shard_bits : 4
    strict_capacity_limit : 0
    memory_allocator : None
    high_pri_pool_ratio: 0.000
  block_cache_compressed: (nil)
  persistent_cache: (nil)
  block_size: 4096
  block_size_deviation: 10
  block_restart_interval: 16
  index_block_restart_interval: 1
  metadata_block_size: 4096
  partition_filters: 0
  use_delta_encoding: 1
  filter_policy: nullptr
  whole_key_filtering: 1
  verify_compression: 0
  read_amp_bytes_per_bit: 0
  format_version: 4
  enable_index_compression: 1
  block_align: 0
2022/08/26-23:13:37.230689 7f6b19f081c0        Options.write_buffer_size: 67108864
2022/08/26-23:13:37.230690 7f6b19f081c0  Options.max_write_buffer_number: 2
2022/08/26-23:13:37.230691 7f6b19f081c0          Options.compression: NoCompression
2022/08/26-23:13:37.230692 7f6b19f081c0                  Options.bottommost_compression: Disabled
2022/08/26-23:13:37.230693 7f6b19f081c0       Options.prefix_extractor: nullptr
2022/08/26-23:13:37.230694 7f6b19f081c0   Options.memtable_insert_with_hint_prefix_extractor: nullptr
2022/08/26-23:13:37.230695 7f6b19f081c0             Options.num_levels: 7
2022/08/26-23:13:37.230696 7f6b19f081c0        Options.min_write_buffer_number_to_merge: 1
2022/08/26-23:13:37.230697 7f6b19f081c0     Options.max_write_buffer_number_to_maintain: 0
2022/08/26-23:13:37.230697 7f6b19f081c0     Options.max_write_buffer_size_to_maintain: 0
2022/08/26-23:13:37.230698 7f6b19f081c0            Options.bottommost_compression_opts.window_bits: -14
2022/08/26-23:13:37.230699 7f6b19f081c0                  Options.bottommost_compression_opts.level: 32767
2022/08/26-23:13:37.230700 7f6b19f081c0               Options.bottommost_compression_opts.strategy: 0
2022/08/26-23:13:37.230701 7f6b19f081c0         Options.bottommost_compression_opts.max_dict_bytes: 0
2022/08/26-23:13:37.230702 7f6b19f081c0         Options.bottommost_compression_opts.zstd_max_train_bytes: 0
2022/08/26-23:13:37.230703 7f6b19f081c0         Options.bottommost_compression_opts.parallel_threads: 1
2022/08/26-23:13:37.230704 7f6b19f081c0                  Options.bottommost_compression_opts.enabled: false
2022/08/26-23:13:37.230705 7f6b19f081c0            Options.compression_opts.window_bits: -14
2022/08/26-23:13:37.230706 7f6b19f081c0                  Options.compression_opts.level: 32767
2022/08/26-23:13:37.230707 7f6b19f081c0               Options.compression_opts.strategy: 0
2022/08/26-23:13:37.230708 7f6b19f081c0         Options.compression_opts.max_dict_bytes: 0
2022/08/26-23:13:37.230709 7f6b19f081c0         Options.compression_opts.zstd_max_train_bytes: 0
2022/08/26-23:13:37.230709 7f6b19f081c0         Options.compression_opts.parallel_threads: 1
2022/08/26-23:13:37.230710 7f6b19f081c0                  Options.compression_opts.enabled: false
2022/08/26-23:13:37.230735 7f6b19f081c0      Options.level0_file_num_compaction_trigger: 4
2022/08/26-23:13:37.230737 7f6b19f081c0          Options.level0_slowdown_writes_trigger: 20
2022/08/26-23:13:37.230738 7f6b19f081c0              Options.level0_stop_writes_trigger: 36
2022/08/26-23:13:37.230739 7f6b19f081c0                   Options.target_file_size_base: 67108864
2022/08/26-23:13:37.230740 7f6b19f081c0             Options.target_file_size_multiplier: 1
